     34779    -27.200    37.16726960  -121.11486750    116.640
     34787    -27.180    37.16743750  -121.11503760    116.640
     34802     41.170    37.16777120  -121.29920290    630.580
     34814     41.170    37.16793520  -121.29920290    630.580
     34869    -54.740    37.16860710  -120.83185990     25.950
     34881    -25.850    37.16877260  -121.12103770    122.140
     35104    -14.430    37.17110330  -121.15770870    162.050
     35105    -14.400    37.17110330  -121.15770870    162.050
     35187     39.930    37.17227000  -121.33538440    632.980
     35188     39.910    37.17227000  -121.33554440    632.980
     35214    -59.770    37.17260870  -120.92270260     25.680
     35229    -44.770    37.17277480  -120.70335630     29.310
     35251    -48.540    37.17310740  -120.76135810     26.620
     35252    -58.850    37.17310850  -120.89470180     25.080
     35253    -48.580    37.17310740  -120.76135810     26.620
     35524     36.460    37.17677190  -121.37187580    606.480
     35531     36.460    37.17693590  -121.37187580    606.480
     35630    -46.890    37.17927640  -120.75019800     27.220
     35631    -45.540    37.17927590  -120.72202710     28.420
     35632    -46.890    37.17927640  -120.75019800     27.220
     35697     47.660    37.18026690  -121.28137250    728.080
     35698     47.640    37.18026690  -121.28154250    728.080
     35706    -54.900    37.18076740  -121.04936630     45.210
     35707    -54.900    37.18076750  -121.04953630     45.210
     35719    -49.230    37.18110730  -120.79685940     26.340
     35720    -49.240    37.18110730  -120.79685940     26.340
     35733    -52.790    37.18160670  -120.83603050     25.950
     35734    -58.310    37.18177520  -120.90386240     25.080
     35735    -58.450    37.18177580  -120.96936420     27.490
     35741    -58.460    37.18193980  -120.96936420     27.490
     35762    -58.960    37.18243940  -120.92203290     25.080
     35767    -57.910    37.18260780  -120.96970430     27.790
     35787    -59.240    37.18277560  -120.94337360     24.780
     35818     52.540    37.18377330  -121.42787800    743.290
     35820     52.530    37.18394130  -121.42787810    743.290
     35829    -44.810    37.18427670  -120.71602710     28.720
     35854     14.710    37.18477190  -121.38537650    384.880
     35855     14.710    37.18477190  -121.38554650    384.880
     35988    -43.890    37.18661050  -120.70769700     28.720
     35991    -50.530    37.18677130  -120.81603020     25.050
     35992    -43.590    37.18677450  -120.70936700     28.620
     35993    -57.470    37.18676630  -121.01286560     37.890
     35995    -50.220    37.18693930  -120.81553020     25.050
     35996    -57.490    37.18693430  -121.01286560     37.890
     36003    -57.550    37.18710820  -120.91553290     24.980
     36008    -58.130    37.18744020  -120.91686300     24.780
     36021    -57.280    37.18760890  -120.99453510     32.790
     36026    -57.030    37.18776660  -121.03103610     43.400
     36040    -56.900    37.18794090  -120.99470520     32.890
     36063    -57.970    37.18827220  -120.91853310     24.780
     36085     32.840    37.18927580  -121.48089010    576.900
     36087     32.900    37.18927580  -121.48089010    576.900
     36111    -49.920    37.18993810  -120.81303020     25.640
     36136    -57.520    37.19043860  -120.97303470     28.380
     36238    -51.880    37.19244030  -120.83936100     25.950
     36345    -57.380    37.19560690  -120.91019310     23.870
     36356     37.380    37.19576880  -121.27938270    612.870
     36365     37.420    37.19593280  -121.27954270    612.870
     36401     32.970    37.19710500  -121.24271140    623.260
     36402     33.010    37.19710500  -121.24271140    623.260
     36418    -52.910    37.19760530  -120.86353190     25.660
     36441     22.640    37.19826920  -121.32387430    475.980
     36546    -43.620    37.20077440  -120.72502810     27.820
     36547    -42.480    37.20077410  -120.70669750     28.420
     36619    -53.020    37.20260170  -121.06770740     52.600
     36620    -52.990    37.20260170  -121.06770740     52.600
     36647      9.860    37.20377160  -121.37371630    348.570
     36648      9.910    37.20377160  -121.37371630    348.570
     36709     45.490    37.20560620  -121.47938020    701.300
     36710     45.460    37.20560620  -121.47955020    701.300
     36759    -50.490    37.20727180  -120.84637180     25.050
     36794    -57.460    37.20810820  -120.97919540     28.380
     36795    -57.510    37.20810820  -120.97919540     28.380
     36844    -49.790    37.20910560  -120.83603160     23.550
     36868    -18.860    37.20977290  -121.21788110    170.250
     36869    -18.870    37.20977300  -121.21804110    170.250
     36901    -57.480    37.21043900  -120.96636520     25.980
     36919     49.320    37.21077280  -121.41838800    707.380
     36921     49.310    37.21077280  -121.41854800    707.380
     36922    -56.740    37.21093850  -120.92070390     24.170
     36989    -57.330    37.21244160  -120.94019450     24.470
     37177    -53.110    37.21660580  -120.87870300     23.560
     37182    -48.830    37.21677340  -120.84403210     25.350
     37184    -27.420    37.21677190  -121.18688050    142.540
     37185    -27.440    37.21677190  -121.18704060    142.540
     37197    -57.400    37.21693920  -120.99419620     31.180
     37420    -14.390    37.22227020  -121.24537200    204.150
     37430    -14.420    37.22243810  -121.24537200    204.150
     37485    -36.000    37.22377080  -121.15671000    105.330
     37486    -35.970    37.22377080  -121.15671000    105.330
     37603      6.950    37.22726800  -121.36338620    329.860
     37611      6.920    37.22743590  -121.36354620    329.860
     37709    -39.270    37.22944130  -120.70552860     28.730
     37725    -40.590    37.22977400  -120.74252980     27.230
     37726    -40.000    37.22977370  -120.72735930     27.830
     37754    -38.790    37.23027630  -120.70602870     29.230
     37774    -57.250    37.23109910  -121.03120750     39.780
     37775    -57.280    37.23109910  -121.03120750     39.780
     37781    -56.860    37.23127460  -120.97620620     26.670
     37782    -54.650    37.23127380  -120.91853460     23.560
     37783    -53.400    37.23127360  -120.90420420     24.460
     37785     23.570    37.23126810  -121.32138480    491.560
     37786     23.610    37.23126810  -121.32138480    491.560
     37787     54.720    37.23127260  -121.43671880    794.580
     37791    -56.620    37.23143880  -120.99436670     31.470
     37792    -56.870    37.23143830  -120.95837570     23.570
     37793    -56.120    37.23143810  -120.94036520     23.570
     37794    -50.480    37.23143720  -120.87503350     24.150
     37795     54.690    37.23143660  -121.43671880    794.580
     37807    -52.870    37.23160050  -121.08586870     62.300
     37815    -50.250    37.23193620  -120.87753360     24.350
     37931    -56.350    37.23527160  -120.98936670     29.270
     37932    -56.390    37.23527160  -120.98953670     29.270
     38066    -40.530    37.23827140  -120.76086070     26.930
     38068    -53.320    37.23843220  -121.08620890     59.090
     38096    -46.360    37.23910030  -121.12820980     86.110
     38097    -46.300    37.23910030  -121.12820980     86.110
     38224    -37.580    37.24310920  -120.71735950     28.730
     38335    -17.800    37.24527100  -121.19837140    290.030
     38340    -17.770    37.24543500  -121.19837150    290.030
     38351    -54.680    37.24577270  -120.94386580     23.860
     38394    -55.320    37.24710540  -120.99419720     30.570
     38411    -45.270    37.24777030  -120.85186350     23.650
     38412    -45.230    37.24777030  -120.85203350     23.650
     38429      2.810    37.24826370  -121.28671380    342.760
     38431      2.800    37.24843170  -121.28671380    342.760
     38464      2.830    37.24960120  -121.34970600    315.650
     38465      2.800    37.24960120  -121.34970600    315.650
     38471     22.950    37.24976890  -121.23687230    684.750
     38472     22.950    37.24976890  -121.23687230    684.750
     38602    -55.340    37.25293760  -120.97620690     25.460
     38622     22.390    37.25360470  -121.42288860    467.470
     38623    -46.870    37.25360420  -121.13137030     93.400
     38625     22.400    37.25360470  -121.42304860    467.470
     38626    -46.880    37.25360420  -121.13137030     93.400
     38748     45.120    37.25760680  -121.45437970    671.980
     38752     45.130    37.25760680  -121.45454970    671.980
     38932    -54.410    37.26194040  -120.96553680     23.560
     38948     49.160    37.26260300  -121.38687750    771.070
     38949     49.120    37.26260300  -121.38704750    771.070
     38996     15.180    37.26360490  -121.27838390    479.950
     38997     15.220    37.26360490  -121.27838390    479.950
     39040    -39.270    37.26527260  -121.16120110    150.510
     39049    -39.290    37.26543660  -121.16120110    150.510
     39100    -51.020    37.26710560  -120.92387580     22.050
     39102    -51.470    37.26727360  -120.92436580     22.050
     39113    -54.890    37.26760510  -120.99453770     28.160
     39134     46.280    37.26860210  -121.31787530    787.750
     39135     46.280    37.26860210  -121.31804530    787.750
     39156    -55.480    37.26944000  -120.99470770     28.160
     39257    -51.180    37.27243850  -120.92020580     22.350
     39283    -38.830    37.27293910  -120.81536310     24.740
     39295    -35.740    37.27310810  -120.71853030     29.930
     39309    -35.280    37.27327610  -120.70619990     30.530
     39322    -38.400    37.27360610  -120.81603310     24.940
     39333    -34.890    37.27393910  -120.70636000     30.530
     39351    -57.750    37.27444020  -121.03136860     33.070
     39379    -51.620    37.27527060  -121.11471040     78.490
     39477    -31.940    37.27910300  -121.25487340    164.240
     39478    -31.940    37.27910300  -121.25487340    164.240
     39483    -32.850    37.27927210  -121.17371170    222.310
     39485    -32.790    37.27927210  -121.17371170    222.310
     39586     -3.030    37.28177100  -121.35420670    288.260
     39587     -2.980    37.28177100  -121.35420670    288.260
     39608    -55.750    37.28243970  -120.99519800     26.060
     39618    -46.820    37.28310210  -121.15238130    103.200
     39679     45.180    37.28510610  -121.45939010    654.980
     39682     45.160    37.28510610  -121.45939010    654.980
     39811    -52.140    37.28844080  -120.94669690     22.050
     39859    -37.600    37.28976960  -121.23088310    127.220
     39917    -25.360    37.29176770  -121.28137460    188.540
     39918    -38.980    37.29176860  -121.21588290    117.410
     39919    -46.450    37.29176870  -121.19037230     85.110
     39923    -25.350    37.29193570  -121.28154460    188.540
     40065    -48.040    37.29676970  -121.16638190     84.300
     40067    -48.060    37.29676970  -121.16654190     84.300
     40128    -33.270    37.29844030  -120.70653050     32.030
     40143    -42.640    37.29876850  -121.20071270    104.310
     40225    -33.460    37.30077540  -120.74120160     31.730
     40237     15.810    37.30110200  -121.26087410    647.820
     40241     15.820    37.30110200  -121.26104410    647.820
     40251    -50.680    37.30127060  -121.15071170     76.690
     40278    -29.400    37.30193820  -121.24454370    186.420
     40348    -58.390    37.30376980  -121.06737000     34.860
     40357    -58.410    37.30393780  -121.06754000     34.860
     40434    -34.410    37.30577080  -120.77869280     29.130
     40447    -53.580    37.30610450  -121.14138160     70.890
     40452    -53.600    37.30610450  -121.14154160     70.890
     40555    -53.590    37.30910410  -120.97353800     21.150
     40562     76.410    37.30927020  -121.37937790   1043.880
     40563     76.430    37.30927020  -121.37937790   1043.880
     40587    -42.380    37.30993930  -120.88803570     23.340
     40617    -47.960    37.31077120  -120.92786680     22.240
     40618     43.780    37.31076870  -121.34137680    769.860
     40622     50.890    37.31076860  -121.33604660    769.860
     40692    -37.980    37.31260630  -120.85120480     24.930
     40717    -40.140    37.31310630  -120.86953530     23.640
     40742    -43.730    37.31360520  -120.89687610     22.940
     40743    -19.200    37.31360200  -121.29937560    238.340
     40747    -19.250    37.31360200  -121.29954560    238.340
     40762    -35.740    37.31393730  -120.83353440     27.730
     40772    -55.970    37.31427150  -121.02586930     27.850
     40776    -56.000    37.31443550  -121.02603930     27.850
     40849    -32.200    37.31660440  -120.76020250     30.330
     40851    -32.200    37.31660440  -120.76020250     30.330
     40945    -58.920    37.31876810  -121.12137150     61.080
     40948    -58.930    37.31876810  -121.12154150     61.080
     40949    -58.310    37.31876820  -121.08587070     45.260
     41042     91.980    37.32227020  -121.40837900   1160.300
     41044     91.990    37.32227020  -121.40854900   1160.300
     41086      6.640    37.32360180  -121.22487380    632.910
     41092      6.680    37.32360180  -121.22487380    632.910
     41199     42.080    37.32660510  -121.47572100    634.280
     41200     42.110    37.32660510  -121.47572100    634.280
     41280     75.100    37.32910150  -121.38021820   1026.780
     41282     75.150    37.32910150  -121.38021820   1026.780
     41300    -60.000    37.32976980  -121.10388130     52.870
     41302    -60.010    37.32976980  -121.10404130     52.870
     41317     19.410    37.33026820  -121.29338570    565.640
     41324     19.430    37.33043620  -121.29354570    565.640
     41366    -53.570    37.33276950  -120.99220900     22.040
     41369    -56.730    37.33276770  -121.09154110     47.460
     41370    -54.610    37.33276780  -121.02636970     29.050
     41377    -54.630    37.33293580  -121.02653970     29.050
     41384    -35.170    37.33310360  -121.19687340    184.900
     41385    -55.730    37.33310370  -121.06721060     38.160
     41387    -35.170    37.33310360  -121.19704340    184.900
     41391    -54.830    37.33326770  -121.04888020     33.950
     41397    -56.910    37.33360370  -121.08587100     46.460
     41402    -42.730    37.33376760  -121.17171290    154.400
     41596     -8.220    37.34060120  -121.26387510    325.330
     41597     -8.170    37.34060120  -121.26404510    325.330
     41697     39.860    37.34510160  -121.47789120    622.280
     41698     44.080    37.34510110  -121.44838040    652.490
     41699    -16.920    37.34510030  -121.24137460    281.520
     41700     39.900    37.34510160  -121.47805120    622.280
     41701     44.120    37.34510110  -121.44838040    652.490
     41722    -46.590    37.34577010  -120.94186790     21.730
     41723    -43.910    37.34577010  -120.92387740     22.330
     41729    -41.870    37.34610610  -120.90936710     23.530
     41730    -41.880    37.34610610  -120.90953710     23.530
     41819    -38.320    37.34860400  -120.88720650     25.030
     41838    -50.490    37.34927210  -120.97736890     21.440
     41844    -50.520    37.34943600  -120.97753890     21.440
     41877    -48.690    37.35027100  -120.96286850     22.040
     41991    -35.850    37.35460470  -120.86870620     26.630
     41992    -35.860    37.35460470  -120.86870620     26.630
     41994     76.190    37.35460330  -121.42021970    990.500
     41996     76.150    37.35460330  -121.42021970    990.500
     42014     40.540    37.35510330  -121.47938130    631.180
     42015     40.520    37.35510330  -121.47938130    631.180
     42030     45.960    37.35576940  -121.37071830    743.280
     42031     45.920    37.35576940  -121.37071830    743.280
     42066     45.360    37.35726740  -121.31787690    797.850
     42071     45.350    37.35743140  -121.31787690    797.850
     42122    -41.180    37.35943760  -120.91686750     22.930
     42148    -32.090    37.36026830  -120.78820420     33.920
     42149    -32.110    37.36026830  -120.77786390     34.520
     42150    -31.200    37.36027070  -120.74136290     34.230
     42151    -32.000    37.36026830  -120.79636440     33.920
     42152    -33.230    37.36026840  -120.83270530     29.920
     42153    -32.770    37.36026840  -120.81470490     31.720
     42154    -31.720    37.36026820  -120.76020340     35.420
     42155    -29.800    37.36027060  -120.72386230     38.130
     42156    -28.710    37.36027040  -120.70570170     38.430
     42168    -31.790    37.36060430  -120.81487490     32.020
     42170    -52.750    37.36060260  -121.04470070     30.950
     42171    -52.800    37.36060260  -121.04470070     30.950
     42184    -27.410    37.36093840  -120.70586180     39.530
     42193    -41.700    37.36110460  -120.92353770     23.530
     42200    -41.300    37.36126860  -120.92236770     23.430
     42220    -50.870    37.36160480  -120.99436960     20.840
     42227    -33.920    37.36176840  -120.84937580     28.720
     42233    -33.950    37.36193640  -120.84953580     28.720
     42242    -50.490    37.36227180  -120.99487960     20.840
     42264    -54.950    37.36310170  -121.12937260     97.070
     42420    -36.440    37.36960170  -121.20587440    162.900
     42444    -55.350    37.37010150  -121.14038300     86.080
     42457     13.160    37.37076650  -121.29937670    433.340
     42459     13.110    37.37076650  -121.29937670    433.340
     42470    -11.630    37.37126880  -121.24437530    304.120
     42546    -49.510    37.37410450  -120.99487990     19.330
     42633      3.590    37.37659900  -121.28437640    371.530
     42638      3.610    37.37659900  -121.28437640    371.530
     42670    -45.820    37.37826840  -121.17537390    131.690
     42675    -45.830    37.37843640  -121.17537390    131.690
     42724    -23.370    37.37976750  -121.21820490    262.610
     42734    -23.410    37.37993550  -121.21820490    262.610
     42772     73.130    37.38126620  -121.40687970    951.780
     42774     73.110    37.38126620  -121.40704970    951.780
     42811     43.820    37.38377010  -121.45971110    662.590
     42812     43.840    37.38377010  -121.45971110    662.590
     42864     21.840    37.38609780  -121.29437690    533.240
     42871     45.450    37.38626790  -121.45338090    679.290
     42874     45.480    37.38643590  -121.45338090    679.290
     42880    -30.460    37.38660020  -120.81387540     32.720
     42890    -44.090    37.38676900  -120.95937920     20.030
     42891    -44.080    37.38676900  -120.95937920     20.030
     42965     41.890    37.38976440  -121.33387790    692.650
     42986    -37.190    37.39027070  -120.92436840     22.320
     42987    -37.190    37.39027070  -120.92436840     22.320
     43034    -56.100    37.39159970  -121.10321260     53.150
     43035    -56.290    37.39159960  -121.07771210     37.950
     43038    -56.100    37.39159970  -121.10321260     53.150
     43044    -54.830    37.39176780  -121.12721320     62.870
     43046    -54.790    37.39176780  -121.12721320     62.870
     43047     50.840    37.39176870  -121.44988090    727.490
     43051     50.870    37.39193270  -121.44988090    727.490
     43060    -17.950    37.39226820  -121.22037520    309.010
     43062    -17.890    37.39226820  -121.22054520    309.010
     43069     -5.720    37.39259680  -121.25987610    317.320
     43070     -5.740    37.39259680  -121.26004610    317.320
     43145    -55.770    37.39510140  -121.07221200     34.150
     43148    -55.720    37.39510140  -121.07221200     34.150
     43153    -51.180    37.39560180  -121.15888390     90.980
     43156    -51.180    37.39560180  -121.15904390     90.980
     43178    -44.680    37.39660280  -120.96936970     19.620
     43180    -44.680    37.39660280  -120.96936970     19.620
     43224    -26.330    37.39877170  -120.74136370     38.520
     43230    -26.350    37.39893570  -120.74153370     38.520
     43236    -49.300    37.39909890  -121.00771070     19.930
     43239    -49.350    37.39909890  -121.00771070     19.930
     43382    -53.300    37.40359990  -121.03937150     24.140
     43386    -53.300    37.40359990  -121.03937150     24.140
     43405    -31.180    37.40426980  -120.86836720     26.310
     43408     26.630    37.40426900  -121.43689070    539.680
     43412    -31.190    37.40443380  -120.86836720     26.310
     43415     26.570    37.40443300  -121.43689070    539.680
     43434    -26.430    37.40476900  -120.75936430     37.310
     43436     18.950    37.40476890  -121.43139060    491.580
     43437     19.000    37.40476890  -121.43155060    491.580
     43444    -26.490    37.40493300  -120.75936430     37.310
     43463     82.120    37.40576840  -121.45688120   1113.390
     43464    -55.280    37.40576710  -121.08470250     35.150
     43468     82.160    37.40593240  -121.45705120   1113.390
     43469    -55.300    37.40593110  -121.08470250     35.150
     43507    -36.790    37.40759870  -121.19521500    176.390
     43508    -36.790    37.40759870  -121.19521500    176.390
     43537      9.140    37.40860230  -121.40921010    403.770
     43538      9.100    37.40860230  -121.40921010    403.770
     43564     84.600    37.41026630  -121.45971130   1114.590
     43565     84.550    37.41026630  -121.45971130   1114.590
     43566     12.030    37.41026560  -121.42788050    456.780
     43567    -19.750    37.41026580  -121.21871560    288.800
     43571     12.060    37.41043360  -121.42788050    456.780
     43572    -19.750    37.41043380  -121.21871560    288.800
     43655     87.200    37.41360050  -121.47038160   1109.390
     43658     87.170    37.41360050  -121.47038160   1109.390
     43730    -20.510    37.41610470  -120.70319280     39.620
     43731    -20.530    37.41610470  -120.70319280     39.620
     43738     87.450    37.41626630  -121.46438150   1120.990
     43740     87.480    37.41626630  -121.46438150   1120.990
     43828    -30.070    37.41860110  -120.84986700     27.810
     43829    -26.950    37.41860080  -120.81336600     32.410
     43830    -30.080    37.41860110  -120.84986700     27.810
     43831    -26.980    37.41860080  -120.81336600     32.410
     43834    -32.510    37.41876940  -120.88620790     26.410
     43836    -32.480    37.41876940  -120.88620790     26.410
     43857    -37.490    37.41926880  -120.93120910     21.110
     43858    -37.510    37.41926880  -120.93120910     21.110
     43859    -25.860    37.41926750  -120.77720510     36.110
     43871    -25.910    37.41943140  -120.77720510     36.110
     43879    -39.620    37.41960100  -120.95837980     23.720
     43880    -39.660    37.41960100  -120.95853990     23.720
     43892    -46.680    37.41976940  -120.99537080     17.430
     43904    -46.660    37.41993340  -120.99537080     17.430
     43917    -50.590    37.42026610  -121.02171140     21.730
     43924    -50.620    37.42043410  -121.02171140     21.730
     43940    -51.600    37.42076710  -121.15587440     77.270
     43943    -51.650    37.42093410  -121.15604440     77.270
     43949     -0.080    37.42109640  -121.34521870    308.040
     43952     -0.030    37.42109640  -121.34521870    308.040
     43976     86.960    37.42176730  -121.47088170   1115.790
     43980     87.000    37.42193530  -121.47088170   1115.790
     43986    -56.030    37.42209750  -121.09188300     34.450
     43991    -56.060    37.42209750  -121.09204300     34.450
     43993      2.520    37.42226510  -121.37821950    344.350
     43996      2.540    37.42226510  -121.37821950    344.350
     44004      0.930    37.42276380  -121.36437920    329.950
     44006      0.910    37.42293180  -121.36454920    329.950
     44033    -28.750    37.42360150  -121.22087590    202.790
     44034    -28.710    37.42360150  -121.22087590    202.790
     44062    -12.180    37.42476860  -121.24288650    311.300
     44066    -12.170    37.42493260  -121.24288650    311.300
     44123    -35.620    37.42676730  -121.20471560    173.290
     44126    -35.580    37.42676730  -121.20471560    173.290
     44214     58.910    37.43010140  -121.44488110    812.780
     44218     58.920    37.43010140  -121.44505120    812.780
     44261    -25.640    37.43159990  -120.78270550     36.410
     44262    -25.660    37.43159990  -120.78270550     36.410
     44273     56.220    37.43176820  -121.43738100    815.880
     44282     56.190    37.43193220  -121.43738100    815.880
     44342    -25.360    37.43409870  -120.77686540     35.710
     44400     69.080    37.43576700  -121.47789190    860.690
     44402     69.060    37.43593500  -121.47789190    860.690
     44502     70.410    37.43960070  -121.46789180    878.090
     44506     70.380    37.43960070  -121.46789180    878.090
     44535    -10.480    37.44109580  -121.31188830    228.720
     44734    -55.590    37.44709780  -121.11021400     34.850
     44737    -55.550    37.44709780  -121.11021400     34.850
     44770    -17.760    37.44826970  -120.70353350     47.310
     44780     51.500    37.44826510  -121.37521980    793.250
     44781    -19.550    37.44826280  -121.28321790    190.610
     44784    -24.020    37.44843380  -120.75803520     38.510
     44786     51.510    37.44843310  -121.37521980    793.250
     44787    -19.570    37.44843080  -121.28321790    190.610
     44798    -25.020    37.44876530  -120.79436620     35.700
     44805    -35.920    37.44893480  -120.92170950     23.310
     44806    -29.280    37.44893350  -120.81270660     32.000
     44807    -17.470    37.44893670  -120.70387360     47.310
     44815    -35.910    37.44909880  -120.92170950     23.210
     44822    -28.960    37.44926550  -120.81270670     32.200
     44823    -25.960    37.44926120  -121.26171740    172.400
     44826    -26.000    37.44926120  -121.26171740    172.400
     44835    -35.570    37.44959870  -120.92186950     23.210
     44850    -53.300    37.44976530  -121.16220520     59.260
     44853    -54.850    37.44993310  -121.14121470     47.650
     44854    -52.080    37.44993210  -121.04888270     18.030
     44855    -50.470    37.44993190  -121.03104230     15.630
     44857    -53.340    37.44993330  -121.16220520     59.260
     44889    -49.600    37.45076290  -121.02770220     17.730
     44954    -40.570    37.45276760  -121.19638600    145.470
     44961    -40.600    37.45293160  -121.19638600    145.470
     44984    -29.300    37.45326290  -121.25471740    157.400
     44985     83.770    37.45326830  -121.46872190   1017.390
     44988     83.750    37.45343230  -121.46872190   1017.390
     44994    -23.590    37.45359520  -121.26904770    177.500
     45104     75.340    37.45676510  -121.42638100    977.370
     45108    -32.810    37.45693370  -120.85587790     28.700
     45111     75.310    37.45693310  -121.42655100    977.370
     45131     83.900    37.45776530  -121.47488210   1010.990
     45140     83.890    37.45793330  -121.47488210   1010.990
     45302    -40.440    37.46376700  -120.97587120     20.220
     45303    -40.440    37.46376700  -120.97604120     20.220
     45304    -38.370    37.46376680  -120.95854080     21.710
     45318    -54.010    37.46459990  -121.16987570     53.060
     45324    -55.140    37.46476380  -121.15904550     40.360
     45326    -55.180    37.46476380  -121.15920550     40.360
     45332    -53.280    37.46493080  -121.07087350     17.840
     45527     37.200    37.47226070  -121.31771900    631.710
     45528    -54.600    37.47226320  -121.12837490     29.950
     45530     37.180    37.47226070  -121.31771900    631.710
     45610     17.620    37.47509410  -121.30187880    429.300
     45611     17.620    37.47509410  -121.30204880    429.300
     45617    -43.770    37.47526640  -121.23237740     92.180
     45618    -45.780    37.47526610  -121.20521670    104.470
     45621    -43.800    37.47543040  -121.23254740     92.180
     45622    -45.730    37.47543010  -121.20521680    104.470
     45638     56.570    37.47609530  -121.34687970    818.530
     45639     56.540    37.47609530  -121.34704970    818.530
     45678    -18.370    37.47743610  -120.72153470     45.810
     45681     54.730    37.47743180  -121.40439080    751.550
     45686    -29.070    37.47776410  -120.80769710     34.800
     45690    -29.080    37.47793210  -120.80769710     34.800
     45691    -33.260    37.47810030  -120.88520910     27.790
     45692    -33.260    37.47810030  -120.88520910     27.790
     45763     79.340    37.48076650  -121.43122140    977.360
     45767     79.330    37.48093050  -121.43122140    977.360
     45883     47.490    37.48526250  -121.40138090    670.740
     45976     60.540    37.48876320  -121.35972010    840.830
     45977      7.220    37.48876160  -121.30387910    338.800
     45982     60.490    37.48892720  -121.35972020    840.830
     46003     92.540    37.48976630  -121.46922220   1106.080
     46005     92.550    37.48976630  -121.46922220   1106.080
     46086    -32.700    37.49226340  -120.86570890     29.390
     46087    -23.190    37.49226170  -120.75787610     47.910
     46093    -32.670    37.49243140  -120.86570890     29.390
     46094    -23.260    37.49242970  -120.75787610     47.910
     46104    -34.840    37.49276430  -120.92071040     25.400
     46105    -38.280    37.49276530  -120.97637180     20.220
     46106    -51.430    37.49276190  -121.08271430     16.540
     46107    -51.370    37.49276190  -121.08271430     16.540
     46115    -38.300    37.49293330  -120.97637180     20.220
     46128    -45.350    37.49326110  -121.03087320     16.930
     46132    -51.120    37.49326340  -121.18604670     51.960
     46133    -45.350    37.49326110  -121.03104320     16.930
     46134    -49.910    37.49326350  -121.19638690     56.960
     46138    -49.890    37.49343150  -121.19654700     56.960
     46147    -33.730    37.49409810  -120.84637850     32.090
     46148    -33.730    37.49409810  -120.84637850     32.090
     46223    -53.090    37.49759570  -121.14688590     32.940
     46235    -33.880    37.49826390  -120.84769860     31.790
     46236    -33.930    37.49826390  -120.84769860     31.790
     46264    -50.840    37.49959800  -121.10537500     18.740
     46265    -50.780    37.49959800  -121.10554500     18.740
     46319     19.400    37.50259860  -121.40422120    404.940
     46436    -33.540    37.50726400  -121.26521870    187.580
     46445    -33.560    37.50743200  -121.26521870    187.580
     46475     74.380    37.50826730  -121.37488080   1020.920
     46478     74.360    37.50826730  -121.37488080   1020.920
     46503     -9.200    37.50976610  -121.31970980    205.300
     46649    -50.360    37.51776600  -121.23570830     80.560
     46655    -50.340    37.51793400  -121.23570830     80.560
     46745    -28.100    37.52076380  -121.30237960    161.390
     46760    -26.480    37.52160100  -120.76770690     44.910
     46761    -26.530    37.52160100  -120.76770690     44.910
     46772    -48.110    37.52176750  -121.06687450     16.040
     46774    -48.090    37.52193150  -121.06704450     16.040
     46783    -48.020    37.52226750  -121.06704450     15.940
     46817      7.910    37.52359820  -121.41089170    295.830
     46827     77.690    37.52409840  -121.46538270    935.950
     46828     77.710    37.52409840  -121.46555270    935.950
     46864    -52.190    37.52609700  -121.17237700     30.940
     46865    -52.140    37.52609700  -121.17237700     30.940
     46873     12.560    37.52676480  -121.34722060    354.900
     46874     12.600    37.52676480  -121.34722060    354.900
     46980    -38.650    37.53076550  -121.29287960    124.180
     46981    -38.630    37.53076550  -121.29304960    124.180
     47071    -51.690    37.53376490  -121.14087640     21.140
     47072    -51.740    37.53376490  -121.14104640     21.140
     47155    -37.920    37.53659970  -120.99388310     20.540
     47157    -37.910    37.53659970  -120.99404310     20.540
     47163    -50.700    37.53659860  -121.25021890     66.560
     47166    -33.590    37.53676810  -120.85587950     33.310
     47167    -37.280    37.53676770  -120.99388310     20.640
     47168    -33.840    37.53676820  -120.81203840     37.510
     47169    -33.530    37.53676810  -120.85603950     33.310
     47170    -23.900    37.53676910  -120.74086650     49.820
     47172    -53.670    37.53676670  -121.22470830     47.350
     47173    -40.480    37.53676710  -121.03038390     18.440
     47175    -40.530    37.53676710  -121.03038390     18.440
     47180    -33.100    37.53693190  -120.92087120     27.520
     47182    -23.910    37.53693310  -120.74103650     49.820
     47189    -32.800    37.53709990  -120.92071120     27.420
     47190    -33.470    37.53710020  -120.81236840     37.610
     47200    -20.360    37.53743220  -120.70036520     60.120
     47254    -20.840    37.53909910  -120.70103520     60.120
     47364    -46.890    37.54276600  -121.26887940     81.470
     47398    -33.880    37.54376780  -120.87087000     32.710
     47399    -33.820    37.54376780  -120.87104000     32.710
     47433     26.130    37.54492950  -121.36488120    506.500
     47483     -0.570    37.54676470  -121.41438220    237.610
     47484     -0.620    37.54676470  -121.41438220    237.610
     47497    -48.140    37.54759960  -121.08504530     16.240
     47548    -53.400    37.54926350  -121.19837790     26.740
     47549    -53.450    37.54926350  -121.19854800     26.740
     47603    -29.360    37.55126660  -120.76586740     44.320
     47604    -25.080    37.55126770  -120.72137610     60.120
     47605    -29.360    37.55126660  -120.76603740     44.320
     47695    -30.980    37.55443350  -120.77436770     51.420
     47714    -32.980    37.55476440  -120.91587140     29.030
     47722    -33.010    37.55493240  -120.91604140     29.030
     47776     -4.420    37.55676650  -121.40638220    216.900
     47893    -12.530    37.56043230  -121.38772190    189.400
     47930     -9.850    37.56126430  -121.40271220    208.600
     47986     31.550    37.56276360  -121.45238320    517.120
     47991     31.510    37.56293160  -121.45255320    517.120
     48081    -40.160    37.56526460  -121.30639050    124.170
     48084     38.130    37.56526570  -121.46589350    555.530
     48085    -40.170    37.56526460  -121.30655050    124.170
     48086    -50.300    37.56526430  -121.26887970     49.160
     48090    -50.270    37.56542830  -121.26904970     49.160
     48100    -34.040    37.56576590  -120.75536740     44.920
     48102    -49.880    37.56576510  -121.12171650     15.930
     48105    -34.000    37.56593390  -120.75536740     44.920
     48146    -24.520    37.56709600  -121.37422180    158.890
     48236    -38.720    37.56993060  -121.31939080    121.470
     48292    -53.100    37.57159800  -121.19271820     17.540
     48294    -53.100    37.57159800  -121.19271820     17.540
     48338    -37.620    37.57293370  -120.82887950     39.120
     48353    -38.710    37.57343280  -121.03021450     21.140
     48443    -53.600    37.57626300  -121.22737900     29.240
     48556    -35.220    37.58026550  -120.86988060     35.820
     48557    -35.220    37.58026550  -120.87004060     35.820
     48558    -32.730    37.58026570  -120.97487330     25.740
     48563    -32.690    37.58043370  -120.97504330     25.740
     48571    -44.100    37.58059660  -121.08487590     18.130
     48573    -44.100    37.58059660  -121.08487590     18.130
     48649    -20.550    37.58459800  -121.41938300    196.500
     48651    -20.570    37.58459800  -121.41938300    196.500
     48748    -34.960    37.58826380  -120.75536780     47.020
     48750    -34.960    37.58826380  -120.75553790     47.020
     48869    -35.660    37.59326510  -120.89087140     35.130
     48881    -39.760    37.59376410  -121.34189160     83.970
     48928    -39.160    37.59459670  -120.79237890     45.220
     48929    -39.160    37.59459670  -120.79237890     45.220
     48944    -46.640    37.59476280  -121.30655100     51.550
     48947    -46.610    37.59476280  -121.30671100     51.550
     48950    -35.720    37.59493200  -120.89271150     35.130
     48962    -27.320    37.59526360  -121.40088280    162.990
     48972    -27.310    37.59543160  -121.40105280    162.990
     49162    -36.770    37.60159500  -121.35205200     93.670
     49163    -50.010    37.60159530  -121.14937770     11.330
     49311    -51.850    37.60759500  -121.26188030     28.240
     49356    -38.370    37.60926340  -120.86087090     39.430
     49560    -52.970    37.61676320  -121.21204940     12.030
     49613    -34.540    37.61859890  -120.99071440     25.230
     49614    -34.570    37.61859890  -120.99071440     25.230
     49622    -50.580    37.61876080  -121.27438070     30.340
     49706    -35.810    37.62159510  -121.02721530     24.830
     49708    -35.810    37.62159510  -121.02721530     24.830
     49785    -35.380    37.62359530  -120.92071270     33.340
     49786    -30.290    37.62359640  -120.70136670     55.530
     49787    -50.740    37.62359530  -121.25088030     21.130
     49789    -50.790    37.62359530  -121.25105030     21.130
     49794    -38.890    37.62376260  -121.36122260     84.560
     49795    -38.890    37.62376260  -121.36122260     84.560
     49796    -40.330    37.62376230  -121.07637640     19.630
     49797    -16.980    37.62376380  -121.47488480    200.700
     49803    -16.990    37.62393180  -121.47488480    200.700
     49806    -34.920    37.62409870  -120.99371460     21.930
     49807    -41.160    37.62409750  -120.81103990     38.630
     49808    -29.920    37.62409940  -120.70103670     55.630
     49814    -35.230    37.62426270  -120.99437460     22.030
     49821    -35.150    37.62443020  -120.92154270     33.240
     49825    -41.660    37.62459750  -120.81103990     38.430
     49834    -33.790    37.62476260  -120.96771390     30.040
     49843    -33.430    37.62493050  -120.96771390     30.040
     49868    -34.260    37.62576240  -120.95487360     29.040
     49896    -45.990    37.62676460  -121.14038790     14.730
     49904    -46.000    37.62692860  -121.14038790     14.730
     50322    -35.030    37.63776290  -121.41588390    105.270
     50340    -30.820    37.63809810  -121.43438430    128.470
     50341    -48.910    37.63809650  -121.29522150     30.940
     50352    -40.420    37.63826120  -120.84587110     41.230
     50353    -38.530    37.63826040  -120.75770880     52.230
     50355    -41.540    37.63826130  -121.36088280     62.250
     50356    -45.110    37.63826090  -121.32422210     46.140
     50357    -49.370    37.63826050  -121.29438150     31.340
     50367    -40.330    37.63859720  -120.84721110     40.930
     50368    -40.380    37.63859720  -120.84721110     40.930
     50387    -38.620    37.63909640  -120.75853890     52.230
     50388    -35.220    37.63909630  -121.00187500     26.830
     50390    -35.270    37.63909630  -121.00204500     26.830
     50414    -35.270    37.63976240  -120.99771490     27.230
     50422    -35.280    37.63992940  -120.99771500     27.230
     50546    -35.660    37.64293020  -121.00270510     26.830
     50567    -39.510    37.64359460  -121.39738360     72.960
     50942    -38.970    37.65126230  -120.90687280     35.840
     50989    -36.200    37.65226180  -121.43438460     90.370
     51423    -35.090    37.66009540  -120.75587920     50.440
     51424    -35.030    37.66009540  -120.75603920     50.440
     51715    -49.380    37.66642950  -121.24072080     12.920
     51736    -46.780    37.66676110  -121.19587980     10.520
     51739    -45.500    37.66676060  -121.36122330     31.540
     51742    -43.950    37.66692850  -121.13404840     15.020
     51744    -45.550    37.66692860  -121.36122330     31.540
     51751    -44.310    37.66709710  -121.39789410     43.950
     51755    -42.650    37.66709730  -121.41622450     50.350
     51758    -31.380    37.66726190  -121.46238540     93.070
     51759    -39.540    37.66725990  -121.06737700     20.820
     51760    -48.270    37.66725990  -121.30622220     23.230
     51761    -39.890    37.66726010  -121.08587740     20.220
     51762    -31.430    37.66726190  -121.46238540     93.070
     51763    -39.560    37.66725990  -121.06754700     20.820
     51770    -41.550    37.66742840  -120.87521230     41.840
     51772    -48.070    37.66742800  -121.31205230     24.730
     51798    -35.980    37.66826460  -120.98271510     28.130
     51799    -36.030    37.66826460  -120.98271510     28.130
     51899    -31.890    37.67076390  -120.70136750     56.130
     51951    -31.910    37.67159490  -120.70270750     56.230
     51997    -48.300    37.67259560  -121.29705210     19.630
     52321    -40.870    37.68159500  -120.88271280     39.740
     52322    -37.310    37.68159400  -120.80271080     57.440
     52328    -40.800    37.68176320  -120.89854320     39.740
     52329    -39.020    37.68176200  -120.80421080     51.940
     52333    -39.050    37.68192600  -120.80421080     51.940
     52344    -42.180    37.68226250  -120.84787190     47.340
     52353    -42.190    37.68242650  -120.84787190     47.340
     52535    -40.210    37.68709720  -121.43488520     55.450
     52577    -47.180    37.68826130  -121.25039140     10.120
     52580    -47.180    37.68826130  -121.25055140     10.120
     52591    -38.480    37.68892770  -120.94904460     32.740
     52640    -37.840    37.69026340  -121.45272570     61.750
     52857    -38.290    37.69659320  -121.00337610     29.030
     52859    -44.600    37.69659550  -121.19688030     12.520
     52860    -38.290    37.69659320  -121.00354610     29.030
     52939    -46.020    37.69909400  -121.23938130      9.520
     52940    -46.020    37.69909400  -121.23938130      9.520
     53277    -32.910    37.70876150  -120.74736980     60.150
     53311    -40.290    37.70976250  -121.14221930     16.520
     53317    -40.350    37.70992650  -121.14221930     16.520
     53326    -37.820    37.71042840  -121.47655660     40.350
     53327    -44.380    37.71059520  -121.39805490     30.330
     53332    -39.260    37.71076260  -120.92171430     40.340
     53333    -39.630    37.71076250  -120.91204400     43.340
     53334    -31.860    37.71076370  -120.70170820     55.240
     53336    -40.680    37.71076170  -121.07771790     23.310
     53339    -40.730    37.71076170  -121.07771790     23.310
     53340    -46.530    37.71076260  -121.36139410     20.230
     53341    -39.400    37.71076080  -121.01287650     29.430
     53343    -33.010    37.71092780  -120.70920840     55.340
     53345    -40.130    37.71092510  -121.03187690     27.820
     53346    -46.540    37.71092660  -121.36155410     20.230
     53347    -39.420    37.71092480  -121.01304650     29.430
     53352    -41.710    37.71109180  -120.81188150     56.750
     53353    -39.610    37.71109150  -120.79304110     55.050
     53386    -38.950    37.71142560  -120.92204430     40.440
     53387    -41.580    37.71142400  -120.82304180     58.150
     53393    -39.350    37.71159150  -120.79321110     54.750
     53407    -42.510    37.71209470  -121.43488570     32.030
     53408    -42.560    37.71209470  -121.43488570     32.030
     53428    -40.870    37.71309120  -121.04988740     26.610
     53430    -40.870    37.71309120  -121.04988740     26.610
     53529    -40.140    37.71659620  -121.46988660     31.940
     53532    -40.110    37.71659620  -121.47005660     31.940
     53561    -42.140    37.71759350  -120.86654300     52.550
     53583    -44.540    37.71809340  -121.36139420     18.730
     53585    -44.540    37.71809340  -121.36155420     18.730
     53594    -45.970    37.71826010  -121.27939250      7.720
     53746    -42.300    37.72276080  -121.45089630     20.830
     53750    -42.340    37.72292880  -121.45105630     20.830
     53872    -39.860    37.72659240  -120.93604490     42.240
     53951    -40.430    37.72976040  -120.99471640     34.030
     53953    -42.720    37.72975770  -121.05137770     26.620
     53957    -40.480    37.72992840  -120.99471640     34.030
     53960    -42.760    37.72992570  -121.05154770     26.620
     54032    -41.290    37.73209350  -121.17855050     15.020
     54050    -39.720    37.73276180  -120.96971590     40.440
     54051    -39.720    37.73276180  -120.96971590     40.440
     54069    -39.530    37.73326110  -120.92938490     42.550
     54070    -39.520    37.73326110  -120.92938490     42.550
     54086    -43.960    37.73376110  -121.42389590     19.230
     54087    -43.980    37.73376110  -121.42405590     19.230
     54273    -40.630    37.73826220  -120.94271530     44.950
     54274    -40.580    37.73826220  -120.94104520     44.850
     54276    -42.900    37.73826310  -121.42939610     18.430
     54277    -42.890    37.73826310  -121.42939610     18.430
     54324    -42.320    37.73926220  -121.23372180      9.520
     54328    -42.320    37.73943020  -121.23372180      9.520
     54334    -40.320    37.73959280  -121.14237980     18.320
     54342    -38.940    37.73975760  -120.75771070     80.360
     54347    -44.220    37.73976160  -121.39838540     15.620
     54350    -39.510    37.73992570  -120.76438090     81.160
     54359    -45.050    37.74009060  -120.81237210     65.060
     54360    -38.950    37.74008960  -120.75637070     80.260
     54374    -43.960    37.74026240  -121.44772650     13.930
     54380    -43.930    37.74042940  -121.44772650     13.930
     54393    -44.210    37.74126090  -121.42088600     15.320
     54512    -40.340    37.74476150  -121.13271970     21.120
     54518    -40.350    37.74492550  -121.13271970     21.120
     54535    -41.160    37.74525970  -121.02088730     30.930
     54539    -41.170    37.74542370  -121.02104730     30.930
     54544    -43.060    37.74575980  -120.88337390     48.250
     54545    -43.080    37.74575980  -120.88354390     48.250
     54576    -40.900    37.74659290  -120.94020540     32.150
     54577    -40.950    37.74659290  -120.94020540     32.150
     54580    -40.050    37.74659250  -121.13388980     20.220
     54581    -40.350    37.74659200  -121.10571920     23.220
     54657    -41.580    37.74925940  -120.96971620     40.440
     54661    -41.610    37.74942740  -120.96971620     40.440
     54691    -42.640    37.75026110  -121.47938740      9.730
     54701    -42.650    37.75042910  -121.47938740      9.730
     54823    -36.560    37.75426150  -120.71986960     82.760
     54827    -36.610    37.75442950  -120.72003960     82.760
     54835    -40.650    37.75459340  -120.74854070     73.860
     54845    -42.730    37.75476160  -121.37522520      8.420
     54851    -42.770    37.75492960  -121.37522520      8.420
     54885    -45.010    37.75626010  -120.87421390     43.950
     54914    -42.400    37.75726020  -121.30639370      9.220
     54919    -40.380    37.75742810  -121.19738130     13.220
     54921    -42.420    37.75742820  -121.30655370      9.220
     54984    -46.690    37.75909500  -120.86521370     44.560
     55051    -43.150    37.76142880  -121.08771900     22.920
     55056    -43.050    37.76159350  -121.41688630      8.020
     55057    -43.050    37.76159350  -121.41688630      8.020
     55061    -42.710    37.76176090  -120.98687680     36.740
     55062    -38.530    37.76176140  -120.71436950     77.560
     55063    -42.650    37.76176090  -120.98687680     36.740
     55064    -38.500    37.76176140  -120.71436950     77.560
     55067    -42.140    37.76192870  -121.05120820     27.220
     55248    -48.330    37.76659380  -120.85588360     46.460
     55249    -48.170    37.76659380  -120.83587310     47.360
     55250    -48.300    37.76659380  -120.85604360     46.460
     55251    -48.160    37.76659380  -120.83604310     47.360
     55257    -48.400    37.76692580  -120.84721340     47.360
     55263    -48.200    37.76726180  -120.85571360     46.460
     55264    -47.580    37.76726180  -120.85571360     48.160
     55280    -43.790    37.76776260  -121.46222740      2.520
     55282    -43.770    37.76776260  -121.46222740      2.520
     55296    -48.820    37.76826080  -120.84938340     47.660
     55297    -48.820    37.76826080  -120.84938340     47.660
     55428    -40.230    37.77226260  -121.14288040     18.120
     55690    -45.900    37.78076140  -120.76937160     61.970
     55701    -45.500    37.78109340  -120.76937160     62.070
     55702    -45.520    37.78109340  -120.76937160     62.070
     55948    -40.220    37.78876080  -121.30439430      9.310
     55949    -40.250    37.78876080  -121.30455430      9.310
     55992    -43.230    37.79026070  -121.44439740      3.210
     55993    -43.210    37.79026070  -121.44455740      3.210
     56032    -46.510    37.79159580  -120.73271050     51.370
     56033    -46.490    37.79159580  -120.73271050     51.370
     56045    -46.760    37.79192780  -120.72571020     51.070
     56138    -39.000    37.79476120  -121.22088260     11.720
     56152    -39.040    37.79492920  -121.22105260     11.720
     56185    -48.370    37.79626000  -120.81437300     60.170
     56193    -47.990    37.79659200  -120.81454300     60.270
     56199    -41.600    37.79659230  -121.23505300      8.920
     56219    -39.850    37.79726020  -121.21472250     12.320
     56220    -39.840    37.79726020  -121.21472250     12.320
     56222    -39.790    37.79742810  -121.19838220     13.520
     56225    -42.210    37.79759480  -121.14322090     16.820
     56234    -41.430    37.79775860  -121.08871970     23.220
     56238    -41.450    37.79792660  -121.08871970     23.220
     56251    -45.100    37.79825920  -120.99771770     36.430
     56252    -46.740    37.79825910  -120.92354580     46.450
     56254    -45.080    37.79825820  -121.00537790     34.230
     56257    -42.090    37.79825930  -121.41438690      2.810
     56258    -45.050    37.79825820  -121.00537790     34.230
     56259    -42.480    37.79825830  -121.03388850     30.330
     56262    -42.500    37.79842630  -121.03388850     30.330
     56263    -44.330    37.79859520  -120.99687770     36.430
     56265    -44.330    37.79859520  -120.99687770     36.430
     56270    -46.420    37.79892710  -120.92371580     46.550
     56282    -39.770    37.79925880  -121.36271580      3.410
     56287    -39.780    37.79942680  -121.36271580      3.410
     56306    -44.590    37.79976270  -121.47722830      2.510
     56321    -44.640    37.79992670  -121.47722830      2.510
     56342    -37.900    37.80076270  -120.69936930     79.960
     56344    -37.900    37.80076270  -120.69936930     79.960
     56371    -39.990    37.80126020  -121.29905450      4.310
     56498    -42.780    37.80609560  -120.71588000     63.060
     56499    -42.800    37.80609560  -120.71604000     63.060
     56826    -43.360    37.81775990  -121.45038810      2.210
     56868    -40.390    37.81959420  -121.14422140     16.210
     56926    -47.630    37.82159340  -120.84088400     65.360
     56930    -47.640    37.82176140  -120.84137400     65.360
     56931    -47.630    37.82176140  -120.84137400     65.360
     56994    -50.460    37.82359220  -120.79187280     89.170
     56995    -50.490    37.82359220  -120.79187280     89.170
     57036    -38.770    37.82475800  -121.28272460      7.410
     57044    -38.770    37.82492600  -121.28272460      7.410
     57063    -38.260    37.82575690  -121.27522440      6.110
     57066    -38.300    37.82592490  -121.27522440      6.110
     57075    -37.930    37.82642500  -121.28272460      5.610
     57129    -48.160    37.82826150  -120.91437600     47.040
     57148    -48.120    37.82876140  -120.91421600     47.040
     57230    -37.050    37.83209610  -120.70336980     96.160
     57231    -37.060    37.83209610  -120.70353980     96.160
     57319    -44.240    37.83559370  -121.48089910      0.210
     57320    -44.240    37.83559370  -121.48089910      0.210
     57464    -40.170    37.84075800  -121.20438320     12.610
     57465    -40.220    37.84075800  -121.20455320     12.610
     57472    -46.570    37.84126100  -120.86971510     66.250
     57473    -46.570    37.84126100  -120.86971510     66.250
     57478    -41.430    37.84159220  -121.09021060     21.710
     57479    -41.480    37.84159220  -121.09021060     21.710
     57499    -43.970    37.84226140  -120.97971800     37.030
     57502    -43.970    37.84226140  -120.97971800     37.030
     57503    -44.790    37.84226150  -121.48089920      1.000
     57619    -35.590    37.84659300  -121.36738680      2.190
     57657    -34.970    37.84825930  -121.30771560      3.700
     57659    -34.970    37.84825930  -121.30771560      3.700
     57685    -43.680    37.84975840  -121.02838930     31.520
     57699    -41.280    37.85025990  -121.44938870      1.300
     57701    -41.270    37.85042790  -121.44938870      1.300
     57712    -39.230    37.85109160  -121.42822820      1.690
     57713    -39.200    37.85109160  -121.42822820      1.690
     57736    -39.080    37.85175900  -121.23705410      9.520
     57760    -41.290    37.85275980  -120.74037160     81.160
     57847    -39.440    37.85609190  -121.10888130     19.610
     57848    -39.410    37.85609190  -121.10888130     19.610
     57859    -40.830    37.85625960  -121.07238040     23.610
     57867    -40.870    37.85642360  -121.07255040     23.610
     57877    -46.950    37.85676000  -120.94338730     41.530
     58018    -54.430    37.86226050  -120.87937560     51.940
     58022    -54.490    37.86242450  -120.87937560     51.940
     58052    -46.380    37.86326000  -120.78437310     65.660
     58053    -46.350    37.86326000  -120.78437310     65.660
     58054    -38.610    37.86326000  -121.14621230     16.900
     58055    -38.610    37.86326000  -121.14621230     16.900
     58130    -35.550    37.86625950  -120.71121050    112.650
     58131    -35.520    37.86625950  -120.71121050    112.650
     58190    -45.140    37.86775690  -120.78837330     63.850
     58196    -45.160    37.86792490  -120.78854330     63.850
     58417    -39.760    37.87659190  -121.43572890      0.400
     58431    -32.370    37.87725890  -121.36738740      1.880
     58438    -32.380    37.87742290  -121.36738740      1.880
     58461    -36.190    37.87875630  -121.26238520      6.790
     58463    -36.200    37.87892430  -121.26255520      6.790
     58624    -42.150    37.88325960  -120.81571420     58.040
     58640    -37.920    37.88375940  -121.14689270     17.790
     58643    -37.910    37.88392340  -121.14705270     17.790
     58669    -30.200    37.88509210  -120.70537040    143.750
     58671    -30.250    37.88509210  -120.70537040    143.750
     58711    -42.390    37.88625760  -120.83387480     56.940
     58712    -45.080    37.88625870  -121.00004930     33.020
     58713    -42.400    37.88625760  -120.83404480     56.940
     58730    -44.250    37.88658880  -121.10088170      0.700
     58732    -43.010    37.88659020  -121.47605990     -0.100
     58733    -44.300    37.88658880  -121.10105170      0.700
     58738    -46.820    37.88675820  -120.92637730     61.130
     58739    -44.810    37.88675870  -121.00004930     32.920
     58740    -45.750    37.88675820  -120.92137720     72.630
     58741    -46.810    37.88675820  -120.92654730     61.130
     58748    -46.410    37.88709020  -120.92687730     60.930
     58770    -32.430    37.88775610  -121.34205710      2.670
     58853    -38.840    37.89059080  -121.11039200     21.000
     58854    -38.780    37.89059080  -121.11039200     21.000
     58887    -44.660    37.89159170  -121.00104940     34.210
     58910    -43.640    37.89275700  -121.03689030     28.110
     58912    -43.660    37.89292500  -121.03689030     28.110
     58927    -44.880    37.89342660  -121.00004940     34.210
     58931    -45.780    37.89358980  -120.88037620     49.640
     58932    -45.790    37.89358980  -120.88037620     49.640
     59080    -38.810    37.89809160  -121.20205420     11.580
     59113    -32.980    37.89958840  -121.33105710      1.860
     59130    -35.130    37.89992550  -121.39855850      0.970
     59143    -36.840    37.90025670  -120.76621310     93.150
     59144    -33.900    37.90025480  -121.29488630      4.060
     59293    -37.420    37.90509080  -121.14772310     18.690
     59295    -37.430    37.90509080  -121.14772310     18.690
     59353    -39.610    37.90775720  -121.45788990      1.280
     59356    -39.660    37.90792520  -121.45788990      1.280
     59579    -40.300    37.91475700  -120.84770560     65.630
     59585    -40.290    37.91492500  -120.84770560     65.630
     59601    -40.290    37.91575690  -120.84371550     65.630
     59602    -40.270    37.91575690  -120.84371550     65.630
     59627    -37.040    37.91659160  -120.80704450     67.540
     59649    -35.420    37.91758740  -121.26138600      5.840
     59695    -39.890    37.91909090  -120.85187570     57.130
     59732    -40.430    37.92042580  -120.84387550     57.130
     59757    -11.620    37.92159060  -120.72287160    295.750
     59758    -11.580    37.92159060  -120.72304160    295.750
     59914    -31.930    37.92675610  -121.37522860      0.460
     59919    -31.970    37.92692410  -121.37522860      0.460
     59928    -34.160    37.92725680  -121.41288940      0.170
     59930    -34.200    37.92742480  -121.41305940      0.170
     59967    -31.740    37.92925410  -121.32889760      7.930
     59971    -31.770    37.92942210  -121.32905760      7.930
     59979    -43.740    37.92975690  -120.99087980     31.810
     59990    -43.810    37.92992490  -120.99104980     31.810
     59994    -45.430    37.93009250  -120.94470850     44.920
     59996    -45.430    37.93009250  -120.94470850     44.920
     60005    -35.390    37.93025580  -121.20272490     11.950
     60007    -35.390    37.93025580  -121.20272490     11.950
     60043    -41.730    37.93175660  -121.04171110     29.500
     60046    -41.730    37.93192060  -121.04171110     29.500
     60068    -33.060    37.93275570  -121.31272740      2.120
     60169    -38.830    37.93675420  -121.09338240     25.390
     60172    -38.810    37.93692210  -121.09355240     25.390
     60185    -35.180    37.93759100  -120.80638470     69.930
     60187    -35.220    37.93759100  -120.80654470     69.930
     60194    -33.260    37.93775250  -121.31622750      4.120
     60302    -26.190    37.94075640  -120.75487330    154.450
     60303    -26.230    37.94075640  -120.75504330    154.450
     60345    -12.300    37.94175830  -120.72788210    285.950
     60356    -12.310    37.94192630  -120.72788210    285.950
     60357    -36.780    37.94192380  -121.14805380     18.370
     60410     -5.860    37.94375690  -120.70088080    359.960
     60412     -5.900    37.94375690  -120.70088080    359.960
     60436    -43.260    37.94475550  -120.87271670     63.220
     60444    -43.280    37.94492340  -120.87271670     63.220
     60446    -46.520    37.94509210  -120.93504850     43.320
     60470    -39.510    37.94659020  -120.85187620     77.220
     60471    -39.530    37.94659020  -120.85187620     77.220
     60472    -39.920    37.94659010  -120.84354590     77.230
     60473    -31.230    37.94658630  -121.27588690      6.710
     60474    -31.240    37.94658630  -121.27605690      6.710
     60549    -38.790    37.94942400  -120.84437600     95.320
     60716    -32.620    37.95475310  -121.28272720      5.500
     60725    -32.590    37.95492110  -121.28272720      5.500
     60791    -32.440    37.95725210  -121.28872740      5.500
     60792    -32.450    37.95725210  -121.28872740      5.500
     60840    -31.460    37.95925460  -121.31722800      2.710
     61031    -38.040    37.96575240  -121.03938170     33.300
     61129    -30.880    37.96925750  -121.24238660      9.120
     61134    -30.900    37.96942450  -121.24238660      9.120
     61149    -37.440    37.96975550  -121.46590130     -2.220
     61150    -33.710    37.96975480  -121.13772410     19.570
     61157    -38.170    37.96992350  -121.46606130     -2.220
     61164    -33.370    37.97025450  -121.42239040     -2.330
     61175    -33.900    37.97075480  -121.13855410     19.470
     61180    -34.120    37.97109090  -121.14888440     19.470
     61203    -15.020    37.97225340  -120.75637380    271.450
     61205    -37.650    37.97225290  -121.08571290     25.690
     61207    -37.670    37.97225290  -121.08571290     25.690
     61220    -30.730    37.97274990  -121.26788720      6.710
     61226    -30.690    37.97291790  -121.26805720      6.710
     61236    -41.500    37.97325930  -120.99971080     45.610
     61245    -42.450    37.97342330  -120.99971080     45.610
     61251    -43.760    37.97375860  -120.94438920     60.120
     61252    -28.790    37.97375690  -120.80088510    122.640
     61253    -43.760    37.97375860  -120.94454920     60.120
     61254    -28.790    37.97375690  -120.80104510    122.640
     61258    -41.930    37.97392330  -120.99939080     45.610
     61311    -29.730    37.97575410  -121.36722930      0.440
     61312    -29.780    37.97575410  -121.36722930      0.440
     61416    -20.000    37.97909230  -120.70804160    317.550
     61496    -39.170    37.98225630  -120.85187670     69.320
     61500    -39.630    37.98242420  -120.84354640     69.230
     61525    -38.130    37.98325390  -121.04588210     31.500
     61526    -38.140    37.98325390  -121.04605210     31.500
     61539    -28.340    37.98358740  -121.19738580     14.650
     61540    -28.770    37.98358740  -121.19938590     14.550
     61633    -38.430    37.98758680  -121.04921230     32.390
     61634    -38.400    37.98758680  -121.04921230     32.390
     61669    -42.940    37.98958860  -120.88870790     77.820
     61745    -30.100    37.99274970  -121.29605820      8.800
     61819    -28.970    37.99575620  -121.20438620     14.350
     61930    -31.680    37.99958920  -121.15239500     20.370
     61931    -31.700    37.99958920  -121.15255500     20.370
     61991    -42.020    38.00159130  -120.85087690     76.620
     61992    -42.020    38.00159130  -120.85104690     76.520
     62028    -33.750    38.00342520  -121.13955470     20.870
     62369    -39.410    38.01509070  -120.82104620     98.740
     62375    -28.310    38.01558950  -121.24155730     12.140
     62407    -28.450    38.01742450  -121.20605640     14.960
     62466    -29.200    38.01942280  -121.32338900      4.410
     62470    -40.810    38.01958840  -120.85488720     92.220
     62495    -34.420    38.02025450  -121.08938360     27.190
     62533    -35.440    38.02158950  -121.08272340     28.090
     62534    -35.390    38.02158950  -121.08272340     28.090
     62602    -13.900    38.02525620  -120.76004450    333.750
     62688    -24.870    38.02809160  -120.72170280    332.950
     62711    -29.260    38.02925710  -121.16855560     20.180
     62718    -32.480    38.02958910  -121.13488480     22.880
     62772    -39.020    38.03158890  -120.93437960     75.110
     62773    -39.020    38.03158890  -120.93437960     75.110
     62776    -39.000    38.03192390  -120.93437960     75.010
     62783    -37.280    38.03208800  -121.05138270     33.600
     62908    -28.080    38.03675580  -121.27922820      9.020
     63103    -44.090    38.04475530  -121.00938180     39.700
     63110    -44.120    38.04491930  -121.00938180     39.700
